12.724425067897398
81.67625000000001
81.89000000000001
81.4625
100.0
100.0
100.0
100.0
100.0
100.0
100.0
100.0
100.0
100.0
100.0
100.0
64.17930130625003
64.72992065312502
70.38625562500002
69.92070812500002
100.0
100.0
100.0
100.0
100.0
100.0
100.0
100.0
100.0
100.0
100.0
100.0
95.0
95.0
100.0
100.0
100.0
100.0
100.0
100.0
100.0
100.0
100.0
100.0
100.0
100.0
100.0
100.0
81.90250000000002
84.945117390625
90.5
90.025
100.0
100.0
100.0
100.0
100.0
100.0
100.0
100.0
100.0
100.0
100.0
100.0
41.095975648322295
43.856870622397714
41.48301397577676
41.960719251111996
100.0
100.0
100.0
100.0
100.0
100.0
100.0
100.0
100.0
100.0
100.0
100.0
81.90250000000002
81.90250000000002
81.267275
80.49741525781252
100.0
100.0
100.0
100.0
100.0
100.0
100.0
100.0
100.0
100.0
100.0
100.0
66.91601628125
69.14777506250002
64.06355265312503
64.41543201294121
100.0
100.0
100.0
100.0
100.0
100.0
100.0
100.0
100.0
100.0
100.0
100.0
73.66645822276907
81.89000000000001
77.4565
81.45125
100.0
100.0
100.0
100.0
100.0
100.0
100.0
100.0
100.0
100.0
100.0
100.0
64.24328740937501
57.729091267277745
64.30921272968752
63.83028289531252
100.0
100.0
100.0
100.0
100.0
100.0
100.0
100.0
100.0
100.0
100.0
100.0
39.35000039570939
38.82750354328136
36.41369094657689
36.58869711417754
100.0
100.0
100.0
100.0
93.17545942398002
100.0
100.0
100.0
100.0
100.0
100.0
100.0
18.26983382446141
20.036453718204655
19.732410953137705
18.644597291590337
100.0
100.0
100.0
100.0
90.11999999999999
100.0
100.0
100.0
100.0
100.0
100.0
100.0
74.1217625
74.0194612427376
73.02651498414077
74.5278875
100.0
100.0
100.0
100.0
100.0
100.0
100.0
100.0
100.0
100.0
100.0
100.0
36.64360044707161
33.06514286537642
34.533530436602824
34.2037569607588
100.0
100.0
100.0
100.0
94.30771109375
100.0
100.0
100.0
100.0
100.0
100.0
100.0
40.727149887367716
37.87262005305436
39.90879017303975
40.27346775805912
100.0
100.0
100.0
100.0
93.81650051789606
100.0
100.0
100.0
100.0
100.0
100.0
100.0
26.992069183314904
26.558129597676455
28.26663496730214
27.211998759149935
100.0
100.0
100.0
100.0
90.11999999999999
92.11501405400254
100.0
100.0
100.0
100.0
100.0
100.0
43.043758832651044
40.25326286386763
44.310793155862854
41.02187706244994
100.0
100.0
100.0
100.0
90.11999999999999
87.2924923128634
93.40134719614238
93.40134719614238
100.0
100.0
100.0
100.0
17.172793541639308
17.230863070016973
17.64649873950177
17.05591461252288
100.0
100.0
100.0
100.0
92.18388871743197
92.16498580636146
100.0
100.0
100.0
100.0
100.0
100.0
8.47485301883046
10.058342651230353
8.447180561921888
8.2827645968873
100.0
100.0
100.0
100.0
100.0
100.0
100.0
100.0
100.0
100.0
100.0
100.0
42.437992984358914
47.2148993331967
46.26479183984567
42.3564145908024
100.0
100.0
100.0
100.0
100.0
100.0
100.0
100.0
100.0
100.0
100.0
100.0
11.440954603852813
7.67396044936663
8.434216635760386
8.183048694990934
100.0
100.0
100.0
100.0
100.0
100.0
100.0
100.0
100.0
100.0
100.0
100.0
100.0
100.0
100.0
100.0
100.0
100.0
100.0
100.0
100.0
100.0
100.0
100.0
100.0
100.0
100.0
100.0
100.0
100.0
100.0
100.0
100.0
100.0
100.0
100.0
100.0
100.0
100.0
100.0
100.0
100.0
100.0
100.0
100.0
100.0
100.0
100.0
100.0
100.0
100.0
100.0
100.0
100.0
100.0
100.0
100.0
100.0
100.0
100.0
53.42872318061102
49.64512513740591
52.608498335387736
51.47948087603854
100.0
100.0
100.0
100.0
100.0
100.0
100.0
100.0
100.0
100.0
100.0
100.0
70.53980096734377
69.89572015625004
69.58153292031253
67.88143159375001
100.0
100.0
100.0
100.0
100.0
100.0
100.0
100.0
100.0
100.0
100.0
100.0
22.396844418020684
22.980587318817353
22.754004616150564
23.252713100554462
100.0
100.0
100.0
100.0
100.0
100.0
100.0
100.0
100.0
100.0
100.0
100.0
52.2791967327429
50.51811406863396
54.9608656625609
55.08185484354208
100.0
100.0
100.0
100.0
100.0
100.0
100.0
100.0
100.0
100.0
100.0
100.0
44.7585006883166
52.39604533099438
49.40080869803773
48.96119747115548
100.0
100.0
100.0
100.0
100.0
100.0
100.0
100.0
100.0
100.0
100.0
100.0
46.66156763824763
44.901644389396694
44.0686249827916
44.740266122815356
100.0
100.0
100.0
100.0
100.0
100.0
100.0
100.0
100.0
100.0
100.0
100.0
52.15080223724442
54.19009718421633
54.01143565116466
53.90953158863829
100.0
100.0
100.0
100.0
100.0
100.0
100.0
100.0
100.0
100.0
100.0
100.0
21.508852524067827
21.65302904449414
21.834119600976777
21.624646374303232
100.0
100.0
100.0
100.0
100.0
100.0
100.0
100.0
100.0
100.0
100.0
100.0
78.24662500000001
81.90250000000002
76.07936196320843
82.71100420232061
100.0
100.0
100.0
100.0
90.11999999999999
94.525
94.525
100.0
100.0
100.0
100.0
100.0
20.416184189398656
22.911032746910674
20.962519234248145
22.21370347763694
100.0
100.0
100.0
100.0
94.3125
100.0
100.0
100.0
100.0
100.0
100.0
100.0
34.71483281789764
36.403571257813745
36.75371367738757
36.737664453172854
100.0
100.0
100.0
100.0
85.90799999999999
95.0
93.51931278125
93.3378300328125
100.0
100.0
100.0
100.0
45.849160791077665
48.01094823419596
50.027932885672826
50.16963342109398
100.0
100.0
100.0
100.0
100.0
100.0
100.0
100.0
100.0
100.0
100.0
100.0
16.30652967477476
17.27918097727674
15.569704889669868
16.39477535796524
100.0
100.0
100.0
100.0
100.0
100.0
100.0
100.0
100.0
100.0
100.0
100.0
7.940552637491418
3.700411185967526
3.4939763014920366
3.5921447611115758
100.0
100.0
100.0
100.0
94.2880625
90.11999999999999
91.47730548130421
100.0
100.0
100.0
100.0
100.0
40.97578445519425
37.980582995830716
36.97593395439086
39.57155094672083
100.0
100.0
100.0
100.0
100.0
100.0
100.0
100.0
100.0
100.0
100.0
100.0
18.08302567406202
16.4147494476871
17.04972855474479
16.026853959330463
100.0
100.0
100.0
100.0
85.90799999999999
93.15698363921875
92.24915100398616
100.0
100.0
100.0
100.0
100.0
48.96899938492006
50.851123562673756
53.54639462645845
49.283558937827316
100.0
100.0
100.0
100.0
100.0
100.0
100.0
100.0
100.0
100.0
100.0
100.0
90.025
100.0
100.0
100.0
100.0
100.0
100.0
100.0
100.0
100.0
100.0
100.0
100.0
100.0
100.0
100.0
71.52530562500002
74.5278875
70.38744312500002
77.43512500000001
100.0
100.0
100.0
100.0
100.0
100.0
100.0
100.0
100.0
100.0
100.0
100.0
86.45
90.5
90.5
85.75000000000001
100.0
100.0
100.0
100.0
100.0
100.0
100.0
100.0
100.0
100.0
100.0
100.0
90.5
90.5
90.025
86.22500000000001
100.0
100.0
100.0
100.0
100.0
100.0
100.0
100.0
100.0
100.0
100.0
100.0
67.853115875
63.08352846602766
66.89111707812502
64.1317171234375
100.0
100.0
100.0
100.0
100.0
100.0
100.0
100.0
100.0
100.0
100.0
100.0
70.93669750000002
74.09026250000002
67.74350756199907
70.443081875
100.0
100.0
100.0
100.0
100.0
100.0
100.0
100.0
100.0
100.0
100.0
100.0
60.79680757139496
63.07440309442895
62.1685007018776
63.16970782289903
100.0
100.0
100.0
100.0
100.0
100.0
100.0
100.0
100.0
100.0
100.0
100.0
45.59052283490714
46.67577614135645
44.733768949773605
45.90796783974646
100.0
100.0
100.0
100.0
100.0
100.0
100.0
100.0
100.0
100.0
100.0
100.0
63.41563636386096
61.59121997710937
61.69328772976564
63.227551031250016
100.0
100.0
100.0
100.0
88.36371849532813
90.11999999999999
93.9256125
93.91543125
100.0
100.0
100.0
100.0
25.464726857221457
28.180648306318524
29.396272591679157
30.57832245676262
100.0
100.0
100.0
100.0
100.0
100.0
100.0
100.0
100.0
100.0
100.0
100.0
69.97460873610594
70.34453826307639
66.55039191315385
67.1035840625
100.0
100.0
100.0
100.0
85.90799999999999
94.1974870035981
100.0
100.0
100.0
100.0
100.0
100.0
65.33000303750002
66.306691245
67.00184547500001
70.06581187500002
100.0
100.0
100.0
100.0
92.61462116132374
100.0
100.0
100.0
100.0
100.0
100.0
100.0
36.164156191365045
36.74593665753233
35.32103824972359
35.813182230136796
100.0
100.0
100.0
100.0
100.0
100.0
100.0
100.0
100.0
100.0
100.0
100.0
63.83499186892796
65.54171769770022
65.11832204097816
65.48898774533251
100.0
100.0
100.0
100.0
90.11999999999999
95.0
100.0
100.0
100.0
100.0
100.0
100.0
67.11084009589376
62.65715773354326
65.4496946116797
67.36652603853126
100.0
100.0
100.0
100.0
90.11999999999999
94.06406875
100.0
100.0
100.0
100.0
100.0
100.0
56.38713773197333
60.53794561421876
57.598963478851395
63.162128663277564
100.0
100.0
100.0
100.0
100.0
100.0
100.0
100.0
100.0
100.0
100.0
100.0
26.52059376863505
26.69526522800948
29.080771161366627
27.840798767591487
100.0
100.0
100.0
100.0
100.0
100.0
100.0
100.0
100.0
100.0
100.0
100.0
25.826339359989788
24.763707162207822
25.158531862525237
25.63335448768698
100.0
100.0
100.0
100.0
90.11999999999999
92.3472872459582
100.0
100.0
100.0
100.0
100.0
100.0
55.237199736723355
57.52780762997402
56.78224964891727
53.38632015097205
100.0
100.0
100.0
100.0
90.11999999999999
94.3225
100.0
100.0
100.0
100.0
100.0
100.0
24.36261662880709
26.25052621146515
24.612564894439537
24.14462626826139
100.0
100.0
100.0
100.0
93.8705375
100.0
100.0
100.0
100.0
100.0
100.0
100.0
90.5
90.5
90.5
100.0
100.0
100.0
100.0
100.0
100.0
100.0
100.0
100.0
100.0
100.0
100.0
100.0
85.545125
90.25
93.88980625
90.25
100.0
100.0
100.0
100.0
100.0
100.0
100.0
100.0
100.0
100.0
100.0
100.0
78.23725000000002
85.75000000000001
81.89000000000001
86.22500000000001
100.0
100.0
100.0
100.0
100.0
100.0
100.0
100.0
100.0
100.0
100.0
100.0
86.45
95.0
94.525
100.0
100.0
100.0
100.0
100.0
100.0
100.0
100.0
100.0
100.0
100.0
100.0
100.0
62.326802652394164
64.11391592816115
67.03315816875
63.29252819869569
100.0
100.0
100.0
100.0
95.0
100.0
100.0
100.0
100.0
100.0
100.0
100.0
74.1217625
74.11107500000001
74.53842500000002
74.13138125
100.0
100.0
100.0
100.0
100.0
100.0
100.0
100.0
100.0
100.0
100.0
100.0
43.10862873433545
49.05187428042567
49.72434112765424
51.47860698908683
100.0
100.0
100.0
100.0
100.0
100.0
100.0
100.0
100.0
100.0
100.0
100.0
51.8913326448298
55.82532455633752
55.27178413136753
55.07945463861893
100.0
100.0
100.0
100.0
100.0
100.0
100.0
100.0
100.0
100.0
100.0
100.0
57.92090548537526
57.94678444597901
57.53802243432017
59.8406815947253
100.0
100.0
100.0
100.0
100.0
100.0
100.0
100.0
100.0
100.0
100.0
100.0
71.95762797373261
73.86395659433623
77.60052533693549
74.02238706199859
100.0
100.0
100.0
100.0
100.0
100.0
100.0
100.0
100.0
100.0
100.0
100.0
32.17441306649052
34.856102572671176
34.26411676228042
35.226543263719954
100.0
100.0
100.0
100.0
100.0
100.0
100.0
100.0
100.0
100.0
100.0
100.0
45.12214558143012
44.7983761208737
44.213822788065954
42.03821134368138
100.0
100.0
100.0
100.0
92.57214646864578
100.0
100.0
100.0
100.0
100.0
100.0
100.0
33.338661857595966
33.482021258829086
32.932442346357135
33.630839182069955
100.0
100.0
100.0
100.0
100.0
100.0
100.0
100.0
100.0
100.0
100.0
100.0
49.93828642003493
50.40658183183531
50.64654161495852
50.91629076068829
100.0
100.0
100.0
100.0
100.0
100.0
100.0
100.0
100.0
100.0
100.0
100.0
55.45145070529952
53.2377000008472
54.51621344710436
56.4244086242341
100.0
100.0
100.0
100.0
100.0
100.0
100.0
100.0
100.0
100.0
100.0
100.0
31.035884356905864
31.337953724922002
31.22582327386997
29.42267369430857
100.0
100.0
100.0
100.0
100.0
100.0
100.0
100.0
100.0
100.0
100.0
100.0
17.437351118671103
18.957731543974905
17.072724212238825
18.283936081081528
100.0
100.0
100.0
100.0
100.0
100.0
100.0
100.0
100.0
100.0
100.0
100.0
36.236094965171986
38.96501503460314
36.78279790405129
37.929232642566106
100.0
100.0
100.0
100.0
100.0
100.0
100.0
100.0
100.0
100.0
100.0
100.0
44.89109085042373
44.57805082429444
40.38148912566456
44.833585895357096
100.0
100.0
100.0
100.0
100.0
100.0
100.0
100.0
100.0
100.0
100.0
100.0
53.35015958193055
57.68286159066752
60.360412247519626
57.159795823064606
100.0
100.0
100.0
100.0
100.0
100.0
100.0
100.0
100.0
100.0
100.0
100.0
